10 27 11 17 16 19 14 7 18 4 23 28 22 5 25 9 29 24 12 6 8 1 2 20 3 13
24 19 29 17 14 26 16 6 4 13 7 27 21 15 8 1 10 9 25 28 5 11 2 22 20 23 18 12
24 19 29 17 14 26 16 6 4 13 7 27 21 15 8 1 10 9 25 28 5 11 2 22 20 23 18 12 3 30
28 8 18 23 10 14 31 27 22 6 20 3 4 17 24 19 7 25 13 5 15 1 2 21 30 12
25 10 3 17 28 7 29 13 14 30 31 1 27 21 6 5 16 23 20 12 19 11 18 9 8 26 22 2
13 8 22 24 17 2 5 26 18 7 1 10 11 19 23 27 9 15 6 14 3 30 28 31 21 4 25 29 12 16
2 21 8 11 6 18 29 26 16 24 15 7 20 25 33 14 17 1 5 30 4 23 28 9 3 31
12 5 23 30 31 4 16 6 27 21 19 18 20 7 29 13 22 3 24 1 15 9 14 11 2 17 26 33
22 4 14 3 1 29 25 10 18 15 5 6 16 32 17 31 33 26 12 20 24 23 8 27 7 11 19 9 28 30
1 19 12 11 24 35 2 7 14 27 18 20 8 25 5 32 26 34 17 3 15 30 4 10 16 23
8 21 32 24 23 3 5 14 13 30 12 9 34 26 10 4 25 31 6 11 33 20 16 17 22 15 19 2
25 24 31 19 15 21 12 2 6 29 9 18 23 8 22 4 35 26 17 28 30 34 3 33 1 11 10 7 16 20
4 34 24 15 26 33 31 30 12 28 21 19 25 29 17 36 7 6 18 8 14 11 16 37 35 1
26 22 21 18 17 1 25 8 36 35 28 15 23 7 12 31 5 19 6 29 16 2 10 37 27 33 32 24
5 12 15 9 25 31 14 36 22 17 34 10 37 19 4 18 28 26 13 7 21 23 27 6 33 2 30 16 24 8